#FPS 9.36 f/s
#PAL30 Film2
#T 75 degC
#Voltage (V? at 2Hz)

1	286.8897	
2	302.3381	
3	309.6465	
4	290.5213	
5	281.3966	
6	290.1010	
7	315.5662	
8	313.1232	
9	309.2343	
10	283.7074	
11	289.6699	
12	291.4551	
13	305.9344	
14	294.7526	
15	314.8773	
16	277.4913	
17	278.1968	
18	310.4240	
19	309.4601	
20	290.5446	
21	282.4391	
22	272.5471	
23	310.6062	
24	315.4380	
25	311.8674	
26	291.1501	
27	270.7108	
28	283.2739	
29	307.0885	
30	301.1593	
31	294.9066	
32	283.1860	
33	282.9865	
34	301.0102	
35	299.4829	
36	288.8965	
37	287.7659	
38	278.1635	
39	295.4199	
40	304.8838	
41	304.2356	
42	290.8249	
43	277.2605	
44	275.9970	
45	286.3564	
46	298.9764	
47	301.1310	
48	285.3812	
49	280.5039	
50	300.2041	
51	309.5016	
52	309.8565	
53	294.6671	
54	274.6935	
55	289.8763	
56	285.9074	
57	312.1392	
58	303.6196	
59	279.3402	
60	269.1577	
61	309.8974	
62	307.1213	
63	298.1803	
64	295.8762	
65	274.3613	
66	280.0542	
67	303.6010	
68	300.5384	
69	306.6358	
70	277.5572	
71	271.2762	
72	293.4848	
73	309.8044	
74	297.7069	
75	276.8689	
76	284.1670	
77	284.8922	
78	296.5434	
79	310.1994	
80	289.1866	
81	275.8478	
82	267.6597	
83	288.5203	
84	316.2382	
85	305.7116	
86	286.6520	
87	280.2899	
88	280.6111	
89	303.1469	
90	328.0876	
91	289.2015	
92	286.1717	
93	280.9976	
94	281.2738	
95	292.5179	
96	310.3206	
97	290.2546	
98	281.5220	
99	278.9416	
100	298.7426	
101	302.7000	
102	285.6398	
103	276.3014	
104	276.8781	
105	284.3291	
106	300.3580	
107	300.5087	
108	278.3322	
109	273.8970	
110	288.3484	
111	291.6760	
112	321.4206	
113	294.4335	
114	288.3071	
115	280.6581	
116	286.9915	
117	311.8134	
118	299.6815	
119	291.6454	
120	270.8382	
121	281.3994	
122	302.6308	
123	317.9483	
124	292.4015	
125	273.1692	
126	276.2287	
127	294.0523	
128	300.4814	
129	293.4694	
130	290.9354	
131	277.3713	
132	289.9928	
133	292.8830	
134	311.6002	
135	298.7751	
136	267.5302	
137	279.5526	
138	298.3359	
139	297.3058	
140	292.2733	
141	283.9400	
142	278.7880	
143	283.5649	
144	309.9751	
145	315.1480	
146	294.1595	
147	272.0156	
148	266.6493	
149	287.6866	
150	316.4518	
151	311.1070	
152	288.2175	
153	273.4155	
154	293.3417	
155	303.5337	
156	321.3677	
157	294.8669	
158	280.0920	
159	278.3150	
160	288.2295	
161	305.0036	
162	294.6777	
163	295.2945	
164	285.0964	
165	288.6940	
166	298.4129	
167	303.6054	
168	283.7954	
169	269.8156	
170	275.0826	
171	304.9408	
172	305.0757	
173	291.5932	
174	294.7819	
175	275.9636	
176	284.1618	
177	318.6700	
178	296.9536	
179	281.1553	
180	272.4981	
181	281.8338	
182	298.9333	
183	305.5062	
184	294.9255	
185	277.6389	
186	276.5180	
187	308.6465	
188	311.0952	
189	298.4791	
190	270.1019	
191	271.3741	
192	276.7781	
193	293.3943	
194	314.3333	
195	297.2597	
196	277.4967	
197	271.2896	
198	299.1227	
199	303.2284	
200	313.7583	
201	292.2550	
202	275.3502	
203	275.2483	
204	303.4327	
205	303.7518	
206	278.8478	
207	274.9855	
208	283.3642	
209	292.8986	
210	304.8700	
211	289.8830	
212	272.8686	
213	278.2388	
214	284.6216	
215	301.0083	
216	312.5137	
217	288.5445	
218	269.7637	
219	287.5989	
220	294.5842	
221	318.8319	
222	301.6306	
223	279.6923	
224	285.5843	
225	295.3980	
226	292.8355	
227	299.8378	
228	281.9984	
229	268.7730	
230	287.9722	
231	308.5955	
232	316.0118	
233	287.9053	
234	268.6103	
235	282.6613	
236	305.8615	
237	308.3553	
238	295.0677	
239	277.4022	
240	273.8301	
241	288.5057	
242	302.7527	
243	292.4584	
244	286.3679	
245	279.8495	
246	278.6808	
247	294.8246	
248	312.6209	
249	295.6865	
250	272.7309	
251	337.6049	
252	323.2456	
253	309.4548	
254	309.9598	
255	320.7066	
256	335.8086	
257	337.2078	
258	314.3673	
259	304.6081	
260	317.5016	
261	331.3521	
262	338.0871	
263	328.2421	
264	313.8767	
265	309.1907	
266	327.8628	
267	341.5210	
268	326.3883	
269	313.6922	
270	308.6969	
271	314.5778	
272	336.2672	
273	333.4434	
274	318.9658	
275	309.0543	
276	310.6291	
277	339.5542	
278	341.1479	
279	323.4234	
280	313.3976	
281	311.5702	
282	318.0066	
283	348.1971	
284	334.7589	
285	312.8496	
286	298.3979	
287	312.6903	
288	336.2697	
289	350.3119	
290	331.8456	
291	310.7102	
292	307.9877	
293	333.9300	
294	333.5882	
295	332.9831	
296	314.4331	
297	303.9442	
298	321.7910	
299	338.6786	
300	331.4375	
301	320.2032	
302	306.0084	
303	325.5682	
304	331.7173	
305	338.1519	
306	324.2353	
307	306.6906	
308	296.5396	
309	327.2983	
310	342.8540	
311	327.1418	
312	321.0224	
313	308.9167	
314	318.2770	
315	336.5962	
316	332.1790	
317	325.9444	
318	314.2070	
319	304.9358	
320	340.5973	
321	341.8630	
322	336.9006	
323	311.3784	
324	299.8912	
325	316.7668	
326	335.7815	
327	342.4318	
328	314.3334	
329	297.6676	
330	322.2570	
331	333.7610	
332	343.4024	
333	322.9418	
334	308.5421	
335	310.4852	
336	322.6773	
337	343.1392	
338	333.3256	
339	309.9958	
340	304.3980	
341	324.7516	
342	341.6293	
343	335.9186	
344	321.0703	
345	318.2662	
346	315.1178	
347	338.5429	
348	341.4269	
349	317.2990	
350	312.3177	
351	302.9090	
352	328.2523	
353	335.5159	
354	334.5934	
355	305.6747	
356	303.6856	
357	322.7383	
358	336.6356	
359	344.7156	
360	316.2049	
361	296.6167	
362	313.8135	
363	335.7783	
364	341.6032	
365	324.6448	
366	302.7091	
367	302.8756	
368	321.6546	
369	338.0040	
370	327.5959	
371	320.8957	
372	307.5691	
373	309.7320	
374	345.5013	
375	335.3150	
376	315.9559	
377	307.0950	
378	315.0483	
379	339.2436	
380	338.4126	
381	322.3067	
382	310.3079	
383	300.0585	
384	332.4086	
385	341.2942	
386	330.7296	
387	315.1693	
388	301.1169	
389	319.2257	
390	342.2681	
391	333.1477	
392	318.3657	
393	304.3955	
394	313.5557	
395	330.2854	
396	335.7332	
397	337.6993	
398	307.6725	
399	312.3284	
400	324.3663	
401	336.4834	
402	322.8444	
403	319.2057	
404	305.8155	
405	316.8425	
406	340.1225	
407	341.9993	
408	329.0059	
409	307.1295	
410	299.3222	
411	335.2700	
412	334.4561	
413	338.6845	
414	319.1863	
415	302.0968	
416	311.9961	
417	335.0249	
418	342.0188	
419	321.7260	
420	307.4726	
421	306.7403	
422	324.3586	
423	346.0387	
424	335.7610	
425	305.2861	
426	297.2387	
427	320.3514	
428	347.2278	
429	328.4953	
430	319.5657	
431	297.5046	
432	309.9229	
433	335.0469	
434	340.0482	
435	331.2827	
436	312.7825	
437	312.0782	
438	326.0825	
439	344.9764	
440	337.5063	
441	307.6263	
442	309.5587	
443	320.9377	
444	330.6526	
445	342.2058	
446	320.7888	
447	302.6727	
448	309.7577	
449	327.6725	
450	342.5439	
451	323.6182	
452	314.0105	
453	306.0348	
454	328.2856	
455	343.7394	
456	324.4647	
457	316.5721	
458	310.1371	
459	309.8002	
460	336.4915	
461	335.5647	
462	331.5450	
463	344.9507	
464	333.2616	
465	313.9679	
466	304.0189	
467	322.0896	
468	340.1414	
469	343.3746	
470	313.2177	
471	303.1325	
472	309.8206	
473	318.5840	
474	342.1368	
475	329.7019	
476	307.5744	
477	310.3093	
478	317.7485	
479	340.2024	
480	329.5054	
481	311.8087	
482	305.6910	
483	314.2200	
484	332.4376	
485	331.2615	
486	324.9194	
487	308.9328	
488	297.8899	
489	317.4550	
490	342.5071	
491	340.6438	
492	321.3051	
493	312.9197	
494	313.0353	
495	326.9737	
496	336.5490	
497	329.2988	
498	311.8010	
499	306.6262	
500	329.4650	
