Thusday, June 11, 2015  15:33:51
1st Column - seconds after start of graph
2nd Column - Temperature(C)
3nd Column - Power(%)
46	101.100	0.00
46	101.100	0.00
49	100.900	0.00
49	100.900	0.00
50	100.900	0.00
50	100.800	0.00
51	100.800	0.00
51	100.700	0.00
52	100.700	0.00
52	100.600	0.00
53	100.600	0.00
53	100.500	0.00
54	100.500	0.00
54	100.400	0.00
55	100.400	0.00
55	100.300	0.00
56	100.200	0.00
56	100.200	0.00
57	100.100	0.00
57	100.000	0.00
58	100.000	0.00
58	99.900	0.00
59	99.900	0.00
59	99.800	0.00
60	99.800	0.00
60	99.700	0.00
61	99.700	0.00
61	99.600	0.00
62	99.600	0.00
62	99.600	0.00
63	99.500	0.00
63	99.400	0.00
64	99.300	0.00
64	99.300	0.00
65	99.300	0.00
65	99.200	0.00
66	99.200	0.00
66	99.100	0.00
67	99.100	0.00
67	99.000	0.00
68	98.900	0.00
68	98.800	0.00
69	98.800	0.00
69	98.700	0.00
70	98.800	0.00
70	98.700	0.00
71	98.600	0.00
71	98.600	0.00
72	98.500	0.00
72	98.500	0.00
73	98.400	0.00
73	98.400	0.00
74	98.300	0.00
74	98.300	0.00
75	98.200	0.00
75	98.200	0.00
76	98.100	0.00
76	98.100	0.00
77	98.100	0.00
77	98.000	0.00
78	97.900	0.00
78	97.900	0.00
79	97.800	0.00
79	97.700	0.00
80	97.700	0.00
80	97.700	0.00
81	97.600	0.00
81	97.600	0.00
82	97.500	0.00
82	97.500	0.00
83	97.400	0.00
83	97.400	0.00
84	97.300	0.00
84	97.300	0.00
85	97.200	0.00
85	97.200	0.00
86	97.200	0.00
86	97.100	0.00
87	97.100	0.00
87	97.000	0.00
88	97.000	0.00
88	96.900	0.00
89	96.900	0.00
89	96.800	0.00
90	96.700	0.00
90	96.800	0.00
91	96.700	0.00
91	96.600	0.00
92	96.600	0.00
92	96.500	0.00
93	96.500	0.00
93	96.400	0.00
94	96.400	0.00
94	96.400	0.00
95	96.300	0.00
95	96.300	0.00
96	96.200	0.00
96	96.200	0.00
97	96.100	0.00
97	96.100	0.00
98	96.100	0.00
98	96.000	0.00
99	95.900	0.00
99	95.900	0.00
100	95.900	0.00
100	95.800	0.00
101	95.800	0.00
101	95.700	0.00
102	95.700	0.00
102	95.700	0.00
103	95.600	0.00
103	95.600	0.00
104	95.500	0.00
104	95.400	0.00
105	95.400	0.00
105	95.400	0.00
106	95.300	0.00
106	95.300	0.00
107	95.300	0.00
107	95.200	0.00
108	95.200	0.00
108	95.100	0.00
109	95.100	0.00
109	95.000	0.00
110	95.000	0.00
110	94.900	0.00
111	94.900	0.00
111	94.800	0.00
112	94.800	0.00
112	94.800	0.00
113	94.700	0.00
113	94.700	0.00
114	94.600	0.00
114	94.600	0.00
115	94.500	0.00
115	94.500	0.00
116	94.500	0.00
116	94.400	0.00
117	94.400	0.00
117	94.300	0.00
118	94.200	0.00
118	94.200	0.00
119	94.200	0.00
119	94.100	0.00
120	94.100	0.00
120	94.100	0.00
121	94.100	0.00
121	94.000	0.00
122	93.900	0.00
122	93.900	0.00
123	93.800	0.00
123	93.800	0.00
124	93.700	0.00
124	93.700	0.00
125	93.700	0.00
125	93.700	0.00
126	93.600	0.00
126	93.600	0.00
127	93.500	0.00
127	93.500	0.00
128	93.400	0.00
128	93.400	0.00
129	93.400	0.00
129	93.300	0.00
130	93.200	0.00
130	93.200	0.00
131	93.200	0.00
131	93.100	0.00
132	93.100	0.00
132	93.000	0.00
133	93.000	0.00
133	93.000	0.00
134	92.900	0.00
134	92.900	0.00
135	92.900	0.00
135	92.800	0.00
136	92.800	0.00
136	92.700	0.00
137	92.700	0.00
137	92.700	0.00
138	92.600	0.00
138	92.600	0.00
139	92.500	0.00
139	92.500	0.00
140	92.500	0.00
140	92.400	0.00
141	92.400	0.00
141	92.300	0.00
142	92.300	0.00
142	92.300	0.00
143	92.200	0.00
143	92.100	0.00
144	92.100	0.00
144	92.100	0.00
145	92.100	0.00
145	92.000	0.00
146	92.000	0.00
146	91.900	0.00
147	91.900	0.00
147	91.800	0.00
148	91.800	0.00
148	91.700	0.00
149	91.800	0.00
149	91.700	0.00
150	91.700	0.00
150	91.600	0.00
151	91.500	0.00
151	91.500	0.00
152	91.500	0.00
152	91.500	0.00
153	91.400	0.00
153	91.400	0.00
154	91.300	0.00
154	91.300	0.00
155	91.300	0.00
155	91.200	0.00
156	91.200	0.00
156	91.100	0.00
157	91.100	0.00
157	91.100	0.00
158	91.000	0.00
158	90.900	0.00
159	90.900	0.00
159	90.900	0.00
160	90.800	0.00
160	90.800	0.00
161	90.800	0.00
161	90.700	0.00
162	90.700	0.00
162	90.700	0.00
163	90.700	0.00
163	90.600	0.00
164	90.500	0.00
164	90.500	0.00
165	90.500	0.00
165	90.500	0.00
166	90.400	0.00
166	90.400	0.00
167	90.300	0.00
167	90.300	0.00
168	90.200	0.00
168	90.200	0.00
169	90.100	0.00
169	90.100	0.00
170	90.100	0.00
170	90.100	0.00
171	90.000	0.00
171	90.000	0.00
172	89.900	0.00
172	89.900	0.00
173	89.900	0.00
173	89.800	0.00
174	89.800	0.00
174	89.700	0.00
175	89.700	0.00
175	89.700	0.00
176	89.600	0.00
176	89.600	0.00
177	89.600	0.00
177	89.500	0.00
178	89.500	0.00
178	89.500	0.00
179	89.400	0.00
179	89.400	0.00
180	89.400	0.00
180	89.300	0.00
181	89.200	0.00
181	89.200	0.00
182	89.200	0.00
182	89.100	0.00
183	89.100	0.00
183	89.100	0.00
184	89.000	0.00
184	89.000	0.00
185	89.000	0.00
185	88.900	0.00
186	88.900	0.00
186	88.900	0.00
187	88.800	0.00
187	88.800	0.00
188	88.800	0.00
188	88.700	0.00
189	88.700	0.00
189	88.600	0.00
190	88.600	0.00
190	88.500	0.00
191	88.600	0.00
191	88.500	0.00
192	88.500	0.00
192	88.400	0.00
193	88.400	0.00
193	88.400	0.00
194	88.300	0.00
194	88.300	0.00
195	88.300	0.00
195	88.200	0.00
196	88.200	0.00
196	88.100	0.00
197	88.100	0.00
197	88.100	0.00
198	88.000	0.00
198	88.000	0.00
199	87.900	0.00
199	87.900	0.00
200	87.800	0.00
200	87.800	0.00
201	87.800	0.00
201	87.800	0.00
202	87.700	0.00
202	87.700	0.00
203	87.700	0.00
203	87.600	0.00
204	87.600	0.00
204	87.600	0.00
205	87.500	0.00
205	87.500	0.00
206	87.500	0.00
206	87.400	0.00
207	87.400	0.00
207	87.300	0.00
208	87.300	0.00
208	87.300	0.00
209	87.300	0.00
209	87.200	0.00
210	87.200	0.00
210	87.100	0.00
211	87.100	0.00
211	87.100	0.00
212	87.100	0.00
212	87.000	0.00
213	86.900	0.00
213	86.900	0.00
214	86.900	0.00
214	86.900	0.00
215	86.800	0.00
215	86.800	0.00
216	86.800	0.00
216	86.700	0.00
217	86.700	0.00
217	86.600	0.00
218	86.600	0.00
218	86.600	0.00
219	86.600	0.00
219	86.500	0.00
220	86.500	0.00
220	86.400	0.00
221	86.500	0.00
221	86.400	0.00
222	86.300	0.00
222	86.300	0.00
223	86.300	0.00
223	86.200	0.00
224	86.200	0.00
224	86.200	0.00
225	86.100	0.00
225	86.100	0.00
226	86.100	0.00
226	86.000	0.00
227	86.000	0.00
227	86.000	0.00
228	85.900	0.00
228	85.900	0.00
229	85.900	0.00
229	85.800	0.00
230	85.800	0.00
230	85.800	0.00
231	85.700	0.00
231	85.700	0.00
232	85.700	0.00
232	85.600	0.00
233	85.600	0.00
233	85.600	0.00
234	85.500	0.00
234	85.500	0.00
235	85.500	0.00
235	85.400	0.00
236	85.400	0.00
236	85.400	0.00
237	85.300	0.00
237	85.300	0.00
238	85.200	0.00
238	85.200	0.00
239	85.200	0.00
239	85.200	0.00
240	85.100	0.00
240	85.100	0.00
241	85.100	0.00
241	85.000	0.00
242	85.000	0.00
242	85.000	0.00
243	84.900	0.00
243	84.800	0.00
244	84.900	0.00
244	84.800	0.00
245	84.700	0.00
245	84.700	0.00
246	84.800	0.00
246	84.700	0.00
247	84.700	0.00
247	84.600	0.00
248	84.600	0.00
248	84.500	0.00
249	84.500	0.00
249	84.500	0.00
250	84.500	0.00
250	84.500	0.00
251	84.400	0.00
251	84.400	0.00
252	84.300	0.00
252	84.300	0.00
253	84.300	0.00
253	84.300	0.00
254	84.300	0.00
254	84.200	0.00
255	84.200	0.00
255	84.100	0.00
256	84.000	0.00
256	84.000	0.00
257	84.000	0.00
257	84.000	0.00
258	83.900	0.00
258	83.900	0.00
259	83.900	0.00
259	83.800	0.00
260	83.800	0.00
260	83.800	0.00
261	83.800	0.00
261	83.700	0.00
262	83.700	0.00
262	83.700	0.00
264	83.600	0.00
265	83.500	0.00
266	83.500	0.00
267	83.400	0.00
268	83.300	0.00
269	83.200	0.00
269	83.200	0.00
271	83.100	0.00
271	83.100	0.00
272	83.000	0.00
