 	Area	Mean	Min	Max
1	4048	2761.580	1998	3123
2	4048	2765.155	2030	3123
3	4048	2761.881	2034	3135
4	4048	2759.916	2018	3118
5	4048	2759.442	2020	3132
6	4048	2760.452	2022	3129
7	4048	2760.493	2019	3120
8	4048	2761.446	1995	3130
9	4048	2760.954	2009	3144
10	4048	2759.060	1987	3142
11	4048	2754.656	2043	3112
12	4048	2753.746	2064	3127
13	4048	2751.771	2009	3131
14	4048	2752.366	2003	3100
15	4048	2754.147	2014	3134
16	4048	2753.529	1993	3125
17	4048	2752.428	1996	3116
18	4048	2750.657	2001	3097
19	4048	2747.935	1997	3114
20	4048	2745.174	2016	3107
21	4048	2742.580	2016	3106
22	4048	2742.832	2034	3114
23	4048	2742.557	2002	3122
24	4048	2742.906	1987	3115
25	4048	2741.714	1993	3109
26	4048	2740.106	1995	3125
27	4048	2738.413	2005	3153
28	4048	2735.411	2007	3106
29	4048	2732.475	2036	3098
30	4048	2730.638	2025	3094
31	4048	2730.663	1976	3112
32	4048	2731.587	1951	3112
33	4048	2731.189	1901	3111
34	4048	2730.370	1966	3110
35	4048	2728.198	1985	3089
36	4048	2725.765	2014	3088
37	4048	2721.780	2000	3092
38	4048	2720.915	1992	3114
39	4048	2721.315	1970	3075
40	4048	2721.473	1877	3081
41	4048	2721.230	1942	3083
42	4048	2723.026	1946	3119
43	4048	2720.500	1913	3099
44	4048	2717.213	1948	3066
45	4048	2713.446	1967	3085
46	4048	2711.997	1959	3072
47	4048	2711.183	1965	3056
48	4048	2711.433	1982	3053
49	4048	2711.212	1953	3075
50	4048	2711.119	1932	3092
51	4048	2709.477	1930	3055
52	4048	2708.409	1936	3071
53	4048	2706.259	1969	3060
54	4048	2703.275	1964	3058
55	4048	2702.430	1946	3055
56	4048	2700.398	1913	3049
57	4048	2700.213	1903	3055
58	4048	2699.419	1851	3053
59	4048	2699.143	1847	3059
60	4048	2697.837	1878	3061
61	4048	2696.170	1902	3043
62	4048	2694.081	1903	3039
63	4048	2691.344	1887	3042
64	4048	2691.388	1882	3053
65	4048	2691.679	1875	3071
66	4048	2690.909	1819	3044
67	4048	2690.068	1815	3057
68	4048	2688.506	1789	3057
69	4048	2685.837	1868	3045
70	4048	2685.904	1913	3055
71	4048	2683.993	1908	3040
72	4048	2682.345	1856	3049
73	4048	2680.240	1853	3036
74	4048	2680.423	1790	3035
75	4048	2679.356	1847	3042
76	4048	2678.581	1853	3030
77	4048	2678.644	1875	3036
78	4048	2676.186	1878	3035
79	4048	2673.630	1912	3036
80	4048	2672.326	1854	3032
81	4048	2671.436	1860	3037
82	4048	2668.810	1837	3050
83	4048	2667.278	1780	3035
84	4048	2666.503	1835	3031
85	4048	2664.785	1802	3033
86	4048	2665.097	1813	3022
87	4048	2662.990	1829	3024
88	4048	2660.732	1849	3026
89	4048	2658.313	1803	3030
90	4048	2656.814	1789	3044
91	4048	2655.592	1797	3007
92	4048	2654.165	1795	3027
93	4048	2653.858	1769	3020
94	4048	2652.097	1787	3016
95	4048	2650.433	1836	3025
96	4048	2648.586	1818	3017
97	4048	2648.300	1812	3010
98	4048	2645.458	1820	3010
99	4048	2643.986	1796	3008
100	4048	2642.223	1773	3018
101	4048	2640.480	1762	3011
102	4048	2640.128	1792	3028
103	4048	2638.509	1820	3020
104	4048	2637.433	1785	2997
105	4048	2636.144	1804	3013
106	4048	2634.450	1822	2994
107	4048	2631.992	1747	2991
108	4048	2631.068	1773	3001
109	4048	2628.407	1760	2992
110	4048	2629.432	1745	2993
111	4048	2628.890	1753	2989
112	4048	2627.371	1785	3000
113	4048	2625.214	1785	2999
114	4048	2623.437	1759	2999
115	4048	2621.847	1754	3003
116	4048	2618.809	1701	2976
117	4048	2615.801	1708	2993
118	4048	2615.114	1739	2987
119	4048	2615.864	1742	3007
120	4048	2615.220	1740	2994
121	4048	2614.290	1744	2976
122	4048	2612.109	1797	2974
123	4048	2610.431	1763	2986
124	4048	2608.644	1755	2976
125	4048	2606.807	1728	2988
126	4048	2604.160	1704	2985
127	4048	2603.489	1738	2993
128	4048	2602.834	1753	2980
129	4048	2601.665	1772	2974
130	4048	2599.979	1783	2960
131	4048	2597.178	1761	2973
132	4048	2595.668	1753	2963
133	4048	2592.351	1708	2964
134	4048	2589.496	1727	2969
135	4048	2588.773	1739	2958
136	4048	2589.663	1723	2996
137	4048	2589.448	1733	2943
138	4048	2587.596	1789	2969
139	4048	2584.749	1754	2952
140	4048	2581.745	1748	2956
141	4048	2578.757	1695	2943
142	4048	2576.192	1704	2943
143	4048	2575.386	1689	2972
144	4048	2574.418	1691	2963
145	4048	2574.713	1688	2953
146	4048	2575.150	1696	2945
147	4048	2573.426	1703	2978
148	4048	2570.873	1718	2946
149	4048	2567.035	1689	2947
150	4048	2563.096	1649	2973
151	4048	2561.744	1675	2954
152	4048	2560.246	1669	2946
153	4048	2560.596	1694	2943
154	4048	2560.738	1703	2929
155	4048	2560.781	1752	2923
156	4048	2558.258	1731	2910
157	4048	2554.577	1714	2932
158	4048	2549.140	1719	2930
159	4048	2545.740	1680	2931
160	4048	2546.125	1666	2939
161	4048	2545.715	1709	2923
162	4048	2547.710	1762	2920
163	4048	2547.083	1738	2945
164	4048	2546.476	1761	2921
165	4048	2541.793	1739	2918
166	4048	2537.620	1720	2928
167	4048	2533.506	1724	2948
168	4048	2531.067	1688	2955
169	4048	2531.133	1697	2915
170	4048	2532.738	1703	2912
171	4048	2533.285	1735	2918
172	4048	2531.686	1723	2913
173	4048	2527.085	1735	2903
174	4048	2524.207	1690	2936
175	4048	2519.887	1660	2925
176	4048	2516.547	1667	2908
177	4048	2515.406	1664	2892
178	4048	2516.583	1693	2905
179	4048	2517.265	1719	2922
180	4048	2516.942	1728	2919
181	4048	2513.839	1750	2895
182	4048	2510.276	1736	2898
183	4048	2506.076	1692	2892
184	4048	2502.639	1686	2920
185	4048	2500.409	1674	2899
186	4048	2500.042	1692	2889
187	4048	2501.026	1743	2886
188	4048	2501.087	1751	2888
189	4048	2500.339	1746	2889
190	4048	2497.285	1755	2885
191	4048	2492.624	1719	2886
192	4048	2486.889	1721	2882
193	4048	2483.409	1687	2902
194	4048	2482.024	1685	2909
195	4048	2483.064	1705	2885
196	4048	2485.956	1741	2879
197	4048	2485.487	1755	2867
198	4048	2483.088	1740	2860
199	4048	2478.442	1731	2859
200	4048	2473.387	1696	2867
201	4048	2468.277	1657	2883
202	4048	2467.151	1694	2870
203	4048	2467.931	1700	2879
204	4048	2471.131	1744	2868
205	4048	2473.033	1760	2850
206	4048	2470.889	1769	2864
207	4048	2466.750	1746	2849
208	4048	2462.901	1718	2852
209	4048	2457.249	1725	2885
210	4048	2454.303	1709	2852
211	4048	2455.273	1728	2864
212	4048	2457.549	1741	2856
213	4048	2460.058	1752	2848
214	4048	2458.891	1776	2859
215	4048	2456.303	1771	2847
216	4048	2452.307	1723	2850
217	4048	2445.820	1688	2860
218	4048	2441.110	1706	2841
219	4048	2439.509	1701	2833
220	4048	2442.968	1709	2858
221	4048	2445.857	1757	2834
222	4048	2447.694	1758	2827
223	4048	2445.275	1767	2831
224	4048	2442.046	1748	2823
225	4048	2435.980	1720	2832
226	4048	2430.269	1712	2825
227	4048	2427.229	1658	2838
228	4048	2426.650	1670	2837
229	4048	2430.936	1695	2831
230	4048	2432.309	1697	2826
231	4048	2432.891	1738	2828
232	4048	2430.969	1721	2830
233	4048	2424.652	1706	2814
234	4048	2417.838	1687	2823
235	4048	2414.931	1683	2861
236	4048	2414.798	1662	2806
237	4048	2418.127	1681	2837
238	4048	2421.776	1697	2824
239	4048	2423.044	1678	2845
240	4048	2419.124	1730	2810
241	4048	2415.995	1683	2811
242	4048	2407.332	1660	2829
243	4048	2402.587	1637	2804
244	4048	2400.776	1641	2838
245	4048	2402.114	1664	2799
246	4048	2406.854	1700	2815
247	4048	2408.833	1678	2796
248	4048	2408.730	1699	2795
249	4048	2405.239	1667	2789
250	4048	2397.573	1630	2784
251	4048	2391.028	1636	2806
252	4048	2387.979	1634	2803
253	4048	2389.245	1612	2792
254	4048	2392.646	1641	2803
255	4048	2394.611	1673	2798
256	4048	2395.052	1714	2795
257	4048	2390.552	1676	2803
258	4048	2386.587	1656	2781
259	4048	2378.365	1625	2812
260	4048	2373.822	1658	2791
261	4048	2374.237	1643	2790
262	4048	2377.147	1683	2773
263	4048	2380.896	1687	2783
264	4048	2382.371	1662	2774
265	4048	2381.138	1666	2772
266	4048	2376.370	1671	2773
267	4048	2369.273	1650	2779
268	4048	2362.838	1635	2770
269	4048	2360.924	1603	2767
270	4048	2362.054	1627	2759
271	4048	2365.214	1605	2774
272	4048	2368.677	1634	2765
273	4048	2367.798	1614	2766
274	4048	2363.758	1615	2770
275	4048	2359.043	1621	2761
276	4048	2352.303	1584	2762
277	4048	2347.786	1576	2746
278	4048	2347.711	1568	2787
279	4048	2352.695	1571	2755
280	4048	2356.865	1623	2740
281	4048	2358.177	1625	2764
282	4048	2355.956	1620	2758
283	4048	2351.456	1598	2750
284	4048	2343.203	1602	2744
285	4048	2337.729	1579	2753
286	4048	2337.111	1577	2750
287	4048	2340.404	1579	2758
288	4048	2346.254	1608	2756
289	4048	2349.640	1608	2739
290	4048	2347.509	1635	2745
291	4048	2344.059	1604	2736
292	4048	2338.179	1599	2745
293	4048	2331.500	1566	2756
294	4048	2328.012	1550	2748
295	4048	2328.986	1563	2762
296	4048	2333.758	1583	2734
297	4048	2337.868	1604	2722
298	4048	2338.089	1621	2753
299	4048	2335.080	1614	2734
300	4048	2329.987	1596	2743
301	4048	2323.404	1579	2744
302	4048	2319.096	1529	2723
303	4048	2316.106	1561	2734
304	4048	2318.243	1587	2726
305	4048	2323.924	1619	2719
306	4048	2326.773	1626	2746
307	4048	2324.772	1649	2720
308	4048	2321.043	1635	2733
309	4048	2314.446	1625	2709
310	4048	2306.454	1578	2720
311	4048	2302.864	1549	2729
312	4048	2304.802	1568	2728
313	4048	2309.231	1600	2737
314	4048	2313.578	1623	2719
315	4048	2314.030	1638	2703
316	4048	2311.303	1632	2733
317	4048	2304.720	1616	2719
318	4048	2297.900	1550	2704
319	4048	2292.668	1522	2718
320	4048	2292.676	1564	2702
321	4048	2296.065	1574	2705
322	4048	2300.181	1571	2714
323	4048	2302.847	1597	2706
324	4048	2301.075	1539	2702
325	4048	2295.745	1548	2699
326	4048	2288.685	1526	2706
327	4048	2281.147	1513	2694
328	4048	2279.531	1547	2712
329	4048	2280.701	1540	2697
330	4048	2285.673	1591	2694
331	4048	2289.831	1594	2712
332	4048	2289.005	1617	2683
333	4048	2286.565	1623	2695
334	4048	2279.522	1591	2689
335	4048	2269.974	1538	2683
336	4048	2265.377	1536	2679
337	4048	2267.116	1514	2698
338	4048	2270.884	1541	2689
339	4048	2276.322	1577	2684
340	4048	2279.111	1616	2693
341	4048	2274.094	1610	2672
342	4048	2268.450	1575	2677
343	4048	2260.358	1521	2692
344	4048	2252.257	1502	2687
345	4048	2250.463	1527	2686
346	4048	2254.121	1495	2683
347	4048	2260.526	1540	2686
348	4048	2264.327	1576	2663
349	4048	2264.005	1592	2674
350	4048	2259.854	1592	2662
351	4048	2250.725	1518	2661
352	4048	2241.602	1492	2661
353	4048	2237.991	1484	2657
354	4048	2238.627	1476	2668
355	4048	2244.150	1488	2673
356	4048	2250.871	1555	2656
357	4048	2252.042	1584	2677
358	4048	2248.180	1585	2669
359	4048	2241.133	1581	2642
360	4048	2232.114	1523	2680
361	4048	2225.258	1528	2659
362	4048	2225.400	1511	2656
363	4048	2229.917	1536	2679
364	4048	2234.700	1586	2656
365	4048	2238.515	1637	2649
366	4048	2236.259	1636	2640
367	4048	2231.258	1610	2638
368	4048	2220.781	1560	2685
369	4048	2213.138	1543	2632
370	4048	2210.386	1530	2676
371	4048	2213.241	1565	2649
372	4048	2220.488	1566	2647
373	4048	2225.647	1618	2652
374	4048	2226.312	1643	2633
375	4048	2222.101	1639	2621
376	4048	2214.711	1621	2638
377	4048	2205.401	1585	2627
378	4048	2200.744	1556	2649
379	4048	2203.202	1560	2672
380	4048	2207.769	1584	2639
381	4048	2213.717	1655	2646
382	4048	2214.975	1678	2617
383	4048	2212.282	1648	2617
384	4048	2207.698	1624	2620
385	4048	2198.235	1536	2622
386	4048	2189.237	1522	2653
387	4048	2189.923	1556	2626
388	4048	2194.758	1569	2623
389	4048	2200.809	1582	2603
390	4048	2206.110	1607	2598
391	4048	2200.971	1604	2626
392	4048	2184.445	1569	2628
393	4048	2179.023	1561	2626
394	4048	2181.398	1579	2603
395	4048	2187.294	1594	2594
396	4048	2193.867	1620	2603
397	4048	2194.997	1660	2618
398	4048	2193.256	1658	2603
399	4048	2185.804	1635	2621
400	4048	2177.759	1586	2589
