Tuesday, September 15, 2015  17:52:18
1st Column - seconds after start of graph
2nd Column - Temperature(C)
3nd Column - Power(%)
9339	148.400	0.00
9340	148.300	0.00
9340	148.300	0.00
9341	148.200	0.00
9341	148.100	0.00
9342	148.000	0.00
9342	148.000	0.00
9343	147.800	0.00
9343	147.800	0.00
9344	147.700	0.00
9344	147.600	0.00
9345	147.500	0.00
9345	147.400	0.00
9346	147.400	0.00
9346	147.300	0.00
9347	147.200	0.00
9347	147.200	0.00
9348	147.000	0.00
9348	147.000	0.00
9349	146.900	0.00
9349	146.800	0.00
9350	146.800	0.00
9350	146.700	0.00
9351	146.600	0.00
9351	146.500	0.00
9352	146.400	0.00
9352	146.400	0.00
9353	146.300	0.00
9353	146.300	0.00
9354	146.100	0.00
9354	146.100	0.00
9355	146.000	0.00
9355	145.900	0.00
9356	145.900	0.00
9356	145.800	0.00
9357	145.700	0.00
9357	145.600	0.00
9358	145.500	0.00
9358	145.500	0.00
9359	145.400	0.00
9359	145.300	0.00
9360	145.300	0.00
9360	145.200	0.00
9361	145.100	0.00
9361	145.000	0.00
9362	144.900	0.00
9362	144.800	0.00
9363	144.800	0.00
9363	144.700	0.00
9364	144.600	0.00
9364	144.500	0.00
9365	144.500	0.00
9365	144.400	0.00
9366	144.300	0.00
9366	144.300	0.00
9367	144.200	0.00
9367	144.100	0.00
9368	144.000	0.00
9368	143.900	0.00
9369	143.900	0.00
9369	143.900	0.00
9370	143.700	0.00
9370	143.700	0.00
9371	143.600	0.00
9371	143.500	0.00
9372	143.500	0.00
9372	143.400	0.00
9373	143.300	0.00
9373	143.200	0.00
9374	143.200	0.00
9374	143.100	0.00
9375	143.000	0.00
9375	142.900	0.00
9376	142.900	0.00
9376	142.800	0.00
9377	142.800	0.00
9377	142.600	0.00
9378	142.600	0.00
9379	142.400	0.00
9380	142.300	0.00
9381	142.200	0.00
9382	141.900	0.00
9383	141.800	0.00
9384	141.700	0.00
9385	141.500	0.00
9386	141.400	0.00
9387	141.300	0.00
9388	141.100	0.00
9388	141.100	0.00
9389	141.000	0.00
9390	140.800	0.00
9391	140.700	0.00
9392	140.600	0.00
9392	140.600	0.00
9393	140.400	0.00
9394	140.300	0.00
9394	140.200	0.00
9395	140.100	0.00
9396	140.000	0.00
9397	139.900	0.00
9398	139.600	0.00
9399	139.500	0.00
9400	139.400	0.00
9402	139.300	0.00
9402	139.100	0.00
9404	130.000	0.00
9405	138.800	0.00
9406	138.600	0.00
9407	138.500	0.00
9408	138.300	0.00
9409	138.200	0.00
9410	138.100	0.00
9411	137.900	0.00
9412	137.900	0.00
9413	137.700	0.00
9413	137.600	0.00
9414	137.500	0.00
9415	137.400	0.00
9416	137.300	0.00
9417	137.100	0.00
9418	137.000	0.00
9420	136.900	0.00
9420	136.700	0.00
9421	136.700	0.00
9422	136.600	0.00
9422	136.500	0.00
9424	136.400	0.00
9424	136.200	0.00
9425	136.100	0.00
9426	136.000	0.00
9427	135.900	0.00
9427	135.800	0.00
9428	135.700	0.00
9428	135.700	0.00
9429	135.600	0.00
9430	135.400	0.00
9431	135.400	0.00
9432	135.200	0.00
9433	135.100	0.00
9433	135.000	0.00
9434	135.000	0.00
9434	134.900	0.00
9435	134.800	0.00
9436	134.700	0.00
9437	134.600	0.00
9437	134.500	0.00
9438	134.500	0.00
9438	134.400	0.00
9439	134.300	0.00
9440	134.200	0.00
9442	130.000	0.00
9443	133.800	0.00
9443	133.800	0.00
9444	133.700	0.00
9444	133.600	0.00
9445	133.600	0.00
9445	133.600	0.00
9446	133.500	0.00
9446	133.400	0.00
9447	133.300	0.00
9447	133.200	0.00
9448	133.200	0.00
9448	133.100	0.00
9449	133.100	0.00
9449	133.000	0.00
9450	133.000	0.00
9450	132.900	0.00
9451	132.900	0.00
9451	132.700	0.00
9452	132.700	0.00
9452	132.600	0.00
9453	132.600	0.00
9453	132.500	0.00
9454	132.500	0.00
9454	132.400	0.00
9455	132.400	0.00
9455	132.300	0.00
9456	132.200	0.00
9456	132.200	0.00
9457	132.100	0.00
9457	132.100	0.00
9458	132.000	0.00
9458	132.000	0.00
9459	131.800	0.00
9459	131.800	1.10
9460	131.700	1.10
9460	131.700	0.50
9461	131.600	1.00
9461	131.500	3.50
9462	131.500	4.30
9462	131.400	3.70
9463	131.400	4.60
9463	131.300	4.80
9464	131.200	6.40
9464	131.200	6.20
9465	131.200	6.50
9465	131.100	7.50
9466	131.100	8.40
9466	131.000	8.60
9467	130.900	8.90
9468	130.900	5.70
9477	130.400	5.20
9481	5.000	6.10
9482	130.000	14.50
9483	129.900	12.60
9484	129.900	14.80
9485	129.900	14.00
9486	129.800	12.20
9487	129.800	11.10
9488	129.800	12.00
9490	129.700	9.50
9490	129.800	8.60
9491	129.700	5.60
9492	129.700	4.10
9493	129.800	2.60
9494	129.700	5.50
9495	129.800	4.80
9496	129.700	7.60
9497	129.700	9.20
9498	129.600	15.20
9499	129.500	13.20
9500	129.500	15.80
9501	129.500	15.30
9502	129.400	16.80
9503	129.400	17.60
9504	129.300	17.40
9505	129.300	17.60
9506	129.300	10.40
9507	129.400	7.60
9508	129.400	4.90
9509	129.400	4.90
9510	129.400	2.70
9512	5.500	5.30
9513	129.400	6.00
9514	129.400	10.40
9515	129.300	13.60
9516	129.300	14.30
9517	129.300	16.90
9518	129.300	20.40
9519	129.200	19.70
9520	129.200	17.80
9521	129.200	16.30
9522	129.200	14.70
9523	129.200	11.40
9524	129.300	7.30
9526	4.500	4.60
9527	129.400	6.20
9528	129.400	7.30
9528	129.400	10.00
9530	14.100	12.10
9532	129.300	15.20
9532	129.300	15.80
9533	129.200	16.40
9534	129.200	16.90
9535	129.200	18.20
9536	129.200	19.50
9537	129.200	14.10
9537	129.200	10.30
9538	129.300	16.60
9539	129.300	12.40
9540	129.400	7.90
9541	129.400	3.80
9542	129.400	6.70
9543	129.400	6.70
9544	129.400	5.60
9546	8.500	7.40
9547	129.400	9.80
9548	129.400	15.30
9549	129.300	17.70
9550	129.300	18.60
9551	129.300	21.70
9552	129.200	19.00
9553	129.300	19.70
9555	129.300	14.00
9556	129.300	9.00
9557	129.500	8.00
9559	7.900	7.40
9560	129.500	9.20
9561	129.500	9.50
9562	129.400	11.00
9563	129.500	12.90
9564	129.400	15.70
9565	129.400	17.70
9567	129.300	17.00
9568	129.300	16.90
9568	129.300	19.00
9569	129.400	19.40
9570	129.300	15.80
9572	129.400	15.40
9572	129.400	11.20
9573	129.400	10.80
9574	129.400	11.40
9575	129.500	12.80
9576	129.500	9.70
9577	129.500	10.20
9578	129.600	8.90
9579	129.500	9.10
9580	129.600	10.50
9581	129.500	11.10
9582	129.500	11.20
9583	129.500	15.20
9584	129.400	18.60
9585	129.500	19.40
9586	129.400	20.00
9587	129.400	19.90
9588	129.400	17.40
9589	129.400	14.10
9590	129.500	14.50
9591	129.500	13.90
9592	129.500	9.90
9593	129.600	10.80
9594	129.600	7.00
9595	129.600	9.00
9596	129.600	9.90
9597	129.600	7.40
9597	129.600	11.20
9598	129.600	14.90
9599	129.600	16.30
9600	129.600	16.40
9601	129.500	18.10
9601	129.500	16.20
9602	129.500	15.90
9602	129.500	17.30
9603	129.500	17.00
9603	129.500	18.70
9604	129.500	17.60
9604	129.500	18.50
9605	129.500	18.00
9605	129.500	16.00
9606	129.500	16.00
9606	129.500	16.30
9607	129.500	14.40
9607	129.500	10.80
9608	129.600	11.40
9608	129.600	10.30
9609	129.600	9.70
9609	129.500	11.80
9610	129.600	12.40
9610	129.600	8.50
9610	129.600	8.60
9611	129.600	11.60
9612	129.600	11.30
9612	129.700	12.00
9613	129.700	12.30
9613	129.600	11.20
9614	129.700	11.70
9615	129.700	13.40
9615	129.600	16.10
9617	129.600	15.90
9618	129.600	15.50
9619	129.600	16.70
9619	129.600	15.00
9620	129.600	13.60
9621	129.600	13.40
9622	129.700	12.60
9623	129.600	11.70
9624	129.600	10.80
9625	129.700	10.90
9626	129.700	9.00
9626	129.700	11.80
9628	129.700	14.30
9628	129.700	12.80
9629	129.700	13.50
9630	129.700	14.90
9631	129.700	14.80
9633	129.700	20.20
9634	129.600	15.00
9634	129.600	16.20
9636	129.600	15.60
9637	129.700	13.10
9638	129.600	13.40
9638	129.700	13.00
9640	129.800	9.20
9641	129.800	10.80
9641	129.700	10.20
9642	129.800	12.30
9643	129.900	12.30
9643	129.800	12.70
9644	129.900	12.70
9645	129.800	10.70
9645	129.800	11.00
9646	129.800	15.40
9646	129.800	12.40
9647	129.800	12.20
