Tuesday, September 15, 2015  18:03:35
1st Column - seconds after start of graph
2nd Column - Temperature(C)
3nd Column - Power(%)
10015	150.400	0.00
10016	150.300	0.00
10016	150.200	0.00
10017	150.200	0.00
10017	150.100	0.00
10018	150.000	0.00
10018	149.900	0.00
10019	149.800	0.00
10019	149.700	0.00
10020	149.700	0.00
10020	149.500	0.00
10021	149.500	0.00
10021	149.400	0.00
10022	149.300	0.00
10022	149.300	0.00
10023	149.200	0.00
10023	149.100	0.00
10024	149.000	0.00
10024	148.900	0.00
10025	148.800	0.00
10025	148.700	0.00
10026	148.700	0.00
10026	148.600	0.00
10027	148.500	0.00
10027	148.400	0.00
10028	148.400	0.00
10028	148.300	0.00
10029	148.200	0.00
10029	148.100	0.00
10030	148.000	0.00
10030	148.000	0.00
10031	147.900	0.00
10031	147.800	0.00
10032	147.700	0.00
10032	147.600	0.00
10033	147.600	0.00
10033	147.500	0.00
10034	147.400	0.00
10034	147.300	0.00
10035	147.300	0.00
10035	147.100	0.00
10036	147.100	0.00
10036	147.000	0.00
10037	146.900	0.00
10037	146.800	0.00
10038	146.800	0.00
10038	146.700	0.00
10039	146.700	0.00
10039	146.600	0.00
10040	146.500	0.00
10040	146.400	0.00
10041	146.300	0.00
10041	146.300	0.00
10042	146.200	0.00
10042	146.100	0.00
10043	146.000	0.00
10043	145.900	0.00
10044	145.900	0.00
10044	145.700	0.00
10045	145.700	0.00
10045	145.700	0.00
10046	145.600	0.00
10046	145.500	0.00
10047	145.400	0.00
10047	145.300	0.00
10048	145.300	0.00
10048	145.200	0.00
10049	145.100	0.00
10049	145.100	0.00
10050	144.900	0.00
10050	144.900	0.00
10051	144.800	0.00
10051	144.700	0.00
10052	144.700	0.00
10052	144.600	0.00
10053	144.600	0.00
10053	144.400	0.00
10054	144.400	0.00
10054	144.300	0.00
10055	144.200	0.00
10055	144.200	0.00
10056	144.100	0.00
10056	144.000	0.00
10057	143.900	0.00
10057	143.800	0.00
10058	143.800	0.00
10058	143.700	0.00
10059	143.600	0.00
10059	143.500	0.00
10060	143.500	0.00
10060	143.400	0.00
10061	143.400	0.00
10061	143.300	0.00
10062	143.200	0.00
10062	143.100	0.00
10063	143.100	0.00
10063	143.000	0.00
10064	142.900	0.00
10064	142.800	0.00
10065	142.800	0.00
10065	142.700	0.00
10066	142.600	0.00
10066	142.600	0.00
10067	142.500	0.00
10067	142.400	0.00
10068	142.300	0.00
10068	142.200	0.00
10069	142.200	0.00
10069	142.100	0.00
10070	142.000	0.00
10070	141.900	0.00
10071	141.800	0.00
10071	141.800	0.00
10072	141.700	0.00
10072	141.700	0.00
10073	141.600	0.00
10073	141.500	0.00
10074	141.500	0.00
10074	141.400	0.00
10075	141.300	0.00
10075	141.200	0.00
10076	141.200	0.00
10076	141.100	0.00
10077	141.000	0.00
10077	140.900	0.00
10078	140.900	0.00
10078	140.800	0.00
10079	140.700	0.00
10079	140.700	0.00
10080	140.700	0.00
10080	140.500	0.00
10081	140.500	0.00
10081	140.400	0.00
10082	140.400	0.00
10082	140.300	0.00
10083	140.200	0.00
10083	140.200	0.00
10084	140.100	0.00
10084	140.000	0.00
10085	139.900	0.00
10085	139.900	0.00
10086	139.800	0.00
10086	139.800	0.00
10087	139.600	0.00
10087	139.600	0.00
10088	139.500	0.00
10088	139.400	0.00
10089	139.400	0.00
10089	139.300	0.00
10090	139.300	0.00
10090	139.200	0.00
10091	139.100	0.00
10091	139.000	0.00
10092	139.000	0.00
10092	138.900	0.00
10093	138.800	0.00
10093	138.800	0.00
10094	138.700	0.00
10094	138.700	0.00
10095	138.500	0.00
10095	138.400	0.00
10096	138.400	0.00
10096	138.300	0.00
10097	138.300	0.00
10097	138.300	0.00
10098	138.200	0.00
10098	138.100	0.00
10099	138.000	0.00
10099	138.000	0.00
10100	137.900	0.00
10100	137.900	0.00
10101	137.700	0.00
10101	137.600	0.00
10102	137.600	0.00
10102	137.600	0.00
10103	137.500	0.00
10103	137.500	0.00
10104	137.400	0.00
10104	137.300	0.00
10105	137.200	0.00
10105	137.200	0.00
10106	137.100	0.00
10106	137.100	0.00
10107	137.000	0.00
10107	136.900	0.00
10108	136.900	0.00
10108	136.800	0.00
10109	136.700	0.00
10109	136.700	0.00
10110	136.600	0.00
10110	136.600	0.00
10111	136.500	0.00
10111	136.400	0.00
10112	136.300	0.00
10112	136.300	0.00
10113	136.200	0.00
10113	136.100	0.00
10114	136.000	0.00
10114	136.000	0.00
10115	136.000	0.00
10115	135.900	0.00
10116	135.800	0.00
10116	135.700	0.00
10117	135.600	0.00
10117	135.600	0.00
10118	135.600	0.00
10118	135.500	0.00
10119	135.500	0.00
10119	135.300	0.00
10120	135.300	0.00
10120	135.200	0.00
10121	135.200	0.00
10121	135.100	0.00
10122	135.000	0.00
10122	134.900	0.00
10123	134.900	0.00
10123	134.800	0.00
10124	134.800	0.00
10124	134.700	0.00
10125	134.700	0.00
10125	134.600	0.00
10126	134.500	0.00
10126	134.400	0.00
10127	134.400	0.00
10127	134.400	0.00
10128	134.300	0.00
10128	134.200	0.00
10129	134.100	0.00
10129	134.100	0.00
10130	134.000	0.00
10130	134.000	0.00
10131	133.900	0.00
10131	133.800	0.00
10132	133.800	0.00
10132	133.700	0.00
10133	133.700	0.00
10133	133.600	0.00
10134	133.500	0.00
10134	133.500	0.00
10135	133.400	0.00
10135	133.400	0.00
10136	133.300	0.00
10136	133.200	0.00
10137	133.200	0.00
10137	133.100	0.00
10138	133.000	0.00
10139	133.000	0.00
10145	0.000	0.00
10146	132.100	0.00
10150	131.700	2.40
10151	4.200	5.30
10152	131.300	4.30
10153	131.200	9.00
10155	131.100	5.90
10156	7.100	8.20
10157	130.700	8.50
10158	130.700	9.40
10159	130.700	13.10
10160	130.700	7.10
10161	130.600	5.80
10162	130.500	4.00
10163	130.400	7.10
10164	130.400	5.00
10165	130.400	4.00
10166	130.200	4.10
10167	130.300	6.80
10168	130.300	6.40
10169	130.200	6.90
10169	130.200	7.80
10170	130.000	7.40
10171	130.000	12.20
10172	130.000	12.80
10173	129.900	10.70
10175	129.900	14.70
10175	129.800	8.50
10176	129.700	8.20
10176	129.800	11.10
10177	129.800	10.60
